x = [0.994, 0.993997, 0.99399, 0.993978, 0.993963, 0.993942, 0.993918, 0.993888, 0.993854, 0.993815, 0.993772, 0.993723, 0.993668, 0.993609, 0.993543, 0.993472, 0.993395, 0.993311, 0.993221, 0.993125, ...
0.993022, 0.992911, 0.992794, 0.99267, 0.992538, 0.992398, 0.992251, 0.992095, 0.991932, 0.991759, 0.991578, 0.991387, 0.991186, 0.990975, 0.990752, 0.990518, 0.990271, 0.99001, 0.989735, 0.989444, ...
0.989136, 0.988813, 0.988477, 0.988126, 0.987759, 0.987375, 0.986974, 0.986554, 0.986115, 0.985654, 0.98517, 0.984662, 0.984128, 0.983566, 0.982973, 0.982349, 0.981689, 0.980992, 0.980254, 0.979473, ...
0.978643, 0.977761, 0.976822, 0.975822, 0.974753, 0.973611, 0.972386, 0.971072, 0.969657, 0.968133, 0.966485, 0.9647, 0.962761, 0.96065, 0.958343, 0.955814, 0.953033, 0.949961, 0.946554, 0.942757, ...
0.938504, 0.93371, 0.9284, 0.922502, 0.915923, 0.908554, 0.900263, 0.890888, 0.880234, 0.868051, 0.854031, 0.837773, 0.818753, 0.796259, 0.769294, 0.73639, 0.697336, 0.658645, 0.620521, 0.582833, ...
0.545283, 0.507548, 0.469345, 0.430478, 0.390882, 0.350637, 0.309943, 0.269014, 0.227982, 0.186832, 0.145421, 0.103513, 0.060825, 0.0170563, -0.0280734, -0.0747796, -0.123146, -0.173047, -0.224109, -0.274401, ...
-0.322731, -0.369598, -0.415224, -0.459589, -0.502464, -0.543406, -0.581728, -0.616464, -0.646341, -0.669771, -0.684889, -0.689649, -0.681971, -0.659878, -0.621539, -0.566146, -0.495619, -0.413643, -0.330087, -0.248444, ...
-0.171773, -0.10312, -0.0488446, -0.00880492, 0.0172099, 0.0295782, 0.0290614, 0.0169162, -0.00510258, -0.0348736, -0.0701645, -0.108924, -0.149486, -0.190605, -0.231359, -0.271014, -0.308942, -0.34463, -0.377768, -0.408296, ...
-0.436365, -0.462243, -0.486242, -0.508668, -0.52981, -0.549952, -0.569381, -0.588418, -0.607452, -0.62671, -0.645222, -0.663908, -0.683633, -0.705186, -0.729331, -0.756798, -0.788249, -0.824181, -0.864818, -0.909972, ...
-0.958934, -1.01043, -1.06264, -1.11332, -1.1599, -1.19951, -1.2289, -1.24376, -1.24133, -1.22275, -1.18936, -1.14272, -1.08673, -1.02866, -0.971118, -0.916134, -0.865259, -0.81949, -0.77923, -0.744346, ...
-0.714282, -0.688206, -0.665147, -0.644114, -0.624175, -0.604509, -0.584429, -0.563415, -0.54114, -0.517495, -0.49254, -0.46639, -0.439096, -0.410603, -0.380746, -0.349263, -0.315799, -0.279872, -0.241784, -0.203785, ...
-0.166768, -0.131249, -0.0976156, -0.0662878, -0.0378125, -0.0129117, 0.0074868, 0.022242, 0.0300261, 0.0294075, 0.0190053, -0.00230128, -0.0351699, -0.0796762, -0.135316, -0.201091, -0.275627, -0.357289, -0.439293, -0.515416, ...
-0.582205, -0.636133, -0.671673, -0.688272, -0.687016, -0.671524, -0.644863, -0.609608, -0.567926, -0.521613, -0.472137, -0.420675, -0.368149, -0.315228, -0.262353, -0.209763, -0.157553, -0.105749, -0.0543836, -0.00358748, ...
0.0463627, 0.0950803, 0.142216, 0.187621, 0.231408, 0.2739, 0.315556, 0.356693, 0.396895, 0.435896, 0.473481, 0.50963, 0.544536, 0.578526, 0.611991, 0.645344, 0.679019, 0.713482, 0.749273, 0.785487, ...
0.811265, 0.833088, 0.851571, 0.867297, 0.880762, 0.892368, 0.902438, 0.911231, 0.920417, 0.927061, 0.933992, 0.94008, 0.944488, 0.949092, 0.953099, 0.956579, 0.959627, 0.96232, 0.964717, 0.966864, ...
0.968798, 0.970549, 0.972141, 0.973594, 0.974925, 0.97615, 0.977279, 0.978324, 0.979292, 0.980193, 0.981032, 0.981816, 0.982549, 0.983237, 0.983883, 0.984491, 0.985063, 0.985604, 0.986115, 0.986599, ...
0.987057, 0.987492, 0.987906, 0.988299, 0.988673, 0.98903, 0.989371, 0.989689, 0.989987, 0.990267, 0.99053, 0.990778, 0.991011, 0.991231, 0.99144, 0.991636, 0.991822, 0.991998, 0.992164, 0.992321, ...
0.992469, 0.992609, 0.992741, 0.992864, 0.99298, 0.993089, 0.99319, 0.993285, 0.993372, 0.993453, 0.993528, 0.993596, 0.993658, 0.993715, 0.993765, 0.993811, 0.993851, 0.993886, 0.993915, 0.993941, ...
0.993961, 0.993977, 0.993988, 0.993995, 0.993998, 0.993998];
y = [0, -0.000272278, -0.000506112, -0.000740154, -0.000974754, -0.00121018, -0.00144671, -0.00168459, -0.00192408, -0.00216541, -0.0024088, -0.00265446, -0.00290257, -0.00315328, -0.00340672, -0.00366299, -0.00392215, -0.00418425, -0.00444928, -0.00471723, ...
-0.00498806, -0.00526175, -0.00553825, -0.00581755, -0.00609963, -0.00638453, -0.00667232, -0.00696309, -0.007257, -0.00755424, -0.00785504, -0.0081597, -0.00846854, -0.00878193, -0.00910029, -0.0094241, -0.00975388, -0.0100902, -0.0104337, -0.0107851, ...
-0.0111451, -0.0115103, -0.0118795, -0.0122532, -0.0126318, -0.0130158, -0.0134058, -0.0138023, -0.0142058, -0.0146169, -0.0150363, -0.0154644, -0.0159021, -0.0163499, -0.0168086, -0.017279, -0.0177618, -0.018258, -0.0187683, -0.0192938, ...
-0.0198354, -0.0203942, -0.0209714, -0.0215682, -0.0221857, -0.0228254, -0.0234886, -0.0241769, -0.0248919, -0.025635, -0.0264079, -0.0272124, -0.02805, -0.0289222, -0.0298304, -0.0307755, -0.0317581, -0.0327776, -0.0338325, -0.0349191, ...
-0.0360306, -0.0371559, -0.0382519, -0.0392917, -0.0402391, -0.0410432, -0.0416333, -0.04191, -0.0417337, -0.0409069, -0.0391474, -0.0360486, -0.0310157, -0.0231655, -0.011162, 0.00705259, 0.0331825, 0.0630204, 0.0952198, 0.128708, ...
0.1627, 0.196616, 0.229993, 0.262421, 0.293507, 0.322864, 0.350159, 0.375179, 0.397871, 0.418317, 0.436682, 0.453148, 0.467889, 0.481053, 0.492762, 0.503124, 0.512251, 0.520299, 0.527502, 0.53405, ...
0.540345, 0.54702, 0.554706, 0.564079, 0.575887, 0.590952, 0.610158, 0.634399, 0.6645, 0.701086, 0.744416, 0.794212, 0.849525, 0.908677, 0.969306, 1.02746, 1.07769, 1.11539, 1.13651, 1.14196, ...
1.13273, 1.10987, 1.07724, 1.03763, 0.993209, 0.945874, 0.897209, 0.848478, 0.80058, 0.754029, 0.708971, 0.66525, 0.622508, 0.580307, 0.538251, 0.496091, 0.453779, 0.411436, 0.369231, 0.327237, ...
0.285378, 0.24344, 0.201128, 0.158096, 0.113979, 0.0684006, 0.0210035, -0.0285108, -0.0802899, -0.133422, -0.183138, -0.229918, -0.274039, -0.315374, -0.353486, -0.387646, -0.416838, -0.439771, -0.454921, -0.460637, ...
-0.455287, -0.437441, -0.406016, -0.360346, -0.300164, -0.225475, -0.13628, -0.0355375, 0.0643584, 0.159795, 0.247706, 0.324936, 0.386414, 0.42807, 0.452194, 0.460603, 0.455033, 0.43733, 0.409429, 0.373271, ...
0.330705, 0.283416, 0.232862, 0.18024, 0.126461, 0.0721877, 0.0179139, -0.0359127, -0.0887836, -0.140119, -0.189405, -0.236381, -0.281114, -0.323923, -0.365278, -0.40572, -0.445859, -0.486416, -0.527325, -0.566787, ...
-0.604723, -0.641493, -0.67761, -0.713607, -0.749977, -0.787141, -0.825418, -0.864969, -0.905714, -0.947234, -0.988691, -1.02879, -1.06582, -1.09781, -1.12261, -1.13804, -1.14181, -1.13139, -1.10556, -1.06555, ...
-1.01282, -0.949259, -0.881858, -0.815, -0.755537, -0.704748, -0.66269, -0.628906, -0.602517, -0.582372, -0.567201, -0.555736, -0.546797, -0.539343, -0.532502, -0.525556, -0.517926, -0.509136, -0.498802, -0.486631, ...
-0.472448, -0.456217, -0.438014, -0.417947, -0.396066, -0.37232, -0.346539, -0.318597, -0.288925, -0.25801, -0.226445, -0.194766, -0.163379, -0.132595, -0.102696, -0.0739984, -0.0468851, -0.0218397, 0.000519205, 0.0186967, ...
0.0286229, 0.0349439, 0.0387464, 0.0408295, 0.0417501, 0.041889, 0.0415058, 0.0407775, 0.0396115, 0.0384998, 0.0370892, 0.0356271, 0.0344309, 0.03305, 0.0317312, 0.0304912, 0.0293266, 0.0282317, 0.0272009, 0.0262288, ...
0.0253102, 0.0244405, 0.0236154, 0.0228311, 0.022084, 0.021371, 0.0206892, 0.0200362, 0.0194094, 0.0188069, 0.0182266, 0.0176669, 0.0171261, 0.0166026, 0.0160953, 0.0156027, 0.0151237, 0.0146572, 0.0142022, 0.0137577, ...
0.0133228, 0.0128966, 0.0124783, 0.0120671, 0.0116622, 0.0112628, 0.0108685, 0.0104866, 0.0101159, 0.00975531, 0.00940384, 0.00906059, 0.00872477, 0.00839568, 0.0080727, 0.00775528, 0.00744293, 0.00713523, 0.00683179, 0.00653232, ...
0.00623654, 0.00594424, 0.00565527, 0.0053695, 0.00508688, 0.00480735, 0.0045309, 0.00425756, 0.00398732, 0.00372022, 0.00345625, 0.00319539, 0.0029376, 0.00268282, 0.00243093, 0.00218181, 0.00193527, 0.00169115, 0.00144922, 0.00120924, ...
