
x = [0, 0.015873, 0, 0.031746, 0.015873, 0.047619, 0.031746, 0.0634921, 0.047619, 0.0793651, 0.0634921, 0.0952381, 0.0793651, 0.111111, 0.0952381, 0.126984, 0.111111, 0.142857, 0.126984, 0.15873, 0.142857, 0.174603, 0.15873, 0.190476, 0.174603, 0.206349, 0.190476, 0.222222, 0.206349, 0.238095, 0.222222, 0.253968, 0.238095, 0.269841, 0.253968, 0.285714, 0.269841, 0.301587, 0.285714, 0.31746, 0.301587, 0.333333, 0.31746, 0.349206, 0.333333, 0.365079, 0.349206, 0.380952, 0.365079, 0.396825, 0.380952, 0.412698, 0.396825, 0.428571, 0.412698, 0.444444, 0.428571, 0.460317, 0.444444, 0.47619, 0.460317, 0.492063, 0.47619, 0.507937, 0.492063, 0.52381, 0.507937, 0.539683, 0.52381, 0.555556, 0.539683, 0.571429, 0.555556, 0.587302, 0.571429, 0.603175, 0.587302, 0.619048, 0.603175, 0.634921, 0.619048, 0.650794, 0.634921, 0.666667, 0.650794, 0.68254, 0.666667, 0.698413, 0.68254, 0.714286, 0.698413, 0.730159, 0.714286, 0.746032, 0.730159, 0.761905, 0.746032, 0.777778, 0.761905, 0.793651, 0.777778, 0.809524, 0.793651, 0.825397, 0.809524, 0.84127, 0.825397, 0.857143, 0.84127, 0.873016, 0.857143, 0.888889, 0.873016, 0.904762, 0.888889, 0.920635, 0.904762, 0.936508, 0.920635, 0.952381, 0.936508, 0.968254, 0.952381, 0.984127, 0.968254, 1, 0.984127, 1, 0, 0.015873, 0.031746, 0.047619, 0.0634921, 0.0793651, 0.0952381, 0.111111, 0.126984, 0.142857, 0.15873, 0.174603, 0.190476, 0.206349, 0.222222, 0.238095, 0.253968, 0.269841, 0.285714, 0.301587, 0.31746, 0.333333, 0.349206, 0.365079, 0.380952, 0.396825, 0.412698, 0.428571, 0.444444, 0.460317, 0.47619, 0.492063, 0.507937, 0.52381, 0.539683, 0.555556, 0.571429, 0.587302, 0.603175, 0.619048, 0.634921, 0.650794, 0.666667, 0.68254, 0.698413, 0.714286, 0.730159, 0.746032, 0.761905, 0.777778, 0.793651, 0.809524, 0.825397, 0.84127, 0.857143, 0.873016, 0.888889, 0.904762, 0.920635, 0.936508, 0.952381, 0.968254, 0.984127, 1, 0, 0.015873, 0.031746, 0.047619, 0.0634921, 0.0793651, 0.0952381, 0.111111, 0.126984, 0.142857, 0.15873, 0.174603, 0.190476, 0.206349, 0.222222, 0.238095, 0.253968, 0.269841, 0.285714, 0.301587, 0.31746, 0.333333, 0.349206, 0.365079, 0.380952, 0.396825, 0.412698, 0.428571, 0.444444, 0.460317, 0.47619, 0.492063, 0.507937, 0.52381, 0.539683, 0.555556, 0.571429, 0.587302, 0.603175, 0.619048, 0.634921, 0.650794, 0.666667, 0.68254, 0.698413, 0.714286, 0.730159, 0.746032, 0.761905, 0.777778, 0.793651, 0.809524, 0.825397, 0.84127, 0.857143, 0.873016, 0.888889, 0.904762, 0.920635, 0.936508, 0.952381, 0.968254, 0.984127, 1, 0, 0.015873, 0.031746, 0.047619, 0.0634921, 0.0793651, 0.0952381, 0.111111, 0.126984, 0.142857, 0.15873, 0.174603, 0.190476, 0.206349, 0.222222, 0.238095, 0.253968, 0.269841, 0.285714, 0.301587, 0.31746, 0.333333, 0.349206, 0.365079, 0.380952, 0.396825, 0.412698, 0.428571, 0.444444, 0.460317, 0.47619, 0.492063, 0.507937, 0.52381, 0.539683, 0.555556, 0.571429, 0.587302, 0.603175, 0.619048, 0.634921, 0.650794, 0.666667, 0.68254, 0.698413, 0.714286, 0.730159, 0.746032, 0.761905, 0.777778, 0.793651, 0.809524, 0.825397, 0.84127, 0.857143, 0.873016, 0.888889, 0.904762, 0.920635, 0.936508, 0.952381, 0.968254, 0.984127, 1, 0, 0.015873, 0.031746, 0.047619, 0.0634921, 0.0793651, 0.0952381, 0.111111, 0.126984, 0.142857, 0.15873, 0.174603, 0.190476, 0.206349, 0.222222, 0.238095, 0.253968, 0.269841, 0.285714, 0.301587, 0.31746, 0.333333, 0.349206, 0.365079, 0.380952, 0.396825, 0.412698, 0.428571, 0.444444, 0.460317, 0.47619, 0.492063, 0.507937, 0.52381, 0.539683, 0.555556, 0.571429, 0.587302, 0.603175, 0.619048, 0.634921, 0.650794, 0.666667, 0.68254, 0.698413, 0.714286, 0.730159, 0.746032, 0.761905, 0.777778, 0.793651, 0.809524, 0.825397, 0.84127, 0.857143, 0.873016, 0.888889, 0.904762, 0.920635, 0.936508, 0.952381, 0.968254, 0.984127, 1, 0, 0.015873, 0.031746, 0.047619, 0.0634921, 0.0793651, 0.0952381, 0.111111, 0.126984, 0.142857, 0.15873, 0.174603, 0.190476, 0.206349, 0.222222, 0.238095, 0.253968, 0.269841, 0.285714, 0.301587, 0.31746, 0.333333, 0.349206, 0.365079, 0.380952, 0.396825, 0.412698, 0.428571, 0.444444, 0.460317, 0.47619, 0.492063, 0.507937, 0.52381, 0.539683, 0.555556, 0.571429, 0.587302, 0.603175, 0.619048, 0.634921, 0.650794, 0.666667, 0.68254, 0.698413, 0.714286, 0.730159, 0.746032, 0.761905, 0.777778, 0.793651, 0.809524, 0.825397, 0.84127, 0.857143, 0.873016, 0.888889, 0.904762, 0.920635, 0.936508, 0.952381, 0.968254, 0.984127, 1, 0, 0.015873, 0.031746, 0.047619, 0.0634921, 0.0793651, 0.0952381, 0.111111, 0.126984, 0.142857, 0.15873, 0.174603, 0.190476, 0.206349, 0.222222, 0.238095, 0.253968, 0.269841, 0.285714, 0.301587, 0.31746, 0.333333, 0.349206, 0.365079, 0.380952, 0.396825, 0.412698, 0.428571, 0.444444, 0.460317, 0.47619, 0.492063, 0.507937, 0.52381, 0.539683, 0.555556, 0.571429, 0.587302, 0.603175, 0.619048, 0.634921, 0.650794, 0.666667, 0.68254, 0.698413, 0.714286, 0.730159, 0.746032, 0.761905, 0.777778, 0.793651, 0.809524, 0.825397, 0.84127, 0.857143, 0.873016, 0.888889, 0.904762, 0.920635, 0.936508, 0.952381, 0.968254, 0.984127, 1, 0, 0.015873, 0.031746, 0.047619, 0.0634921, 0.0793651, 0.0952381, 0.111111, 0.126984, 0.142857, 0.15873, 0.174603, 0.190476, 0.206349, 0.222222, 0.238095, 0.253968, 0.269841, 0.285714, 0.301587, 0.31746, 0.333333, 0.349206, 0.365079, 0.380952, 0.396825, 0.412698, 0.428571, 0.444444, 0.460317, 0.47619, 0.492063, 0.507937, 0.52381, 0.539683, 0.555556, 0.571429, 0.587302, 0.603175, 0.619048, 0.634921, 0.650794, 0.666667, 0.68254, 0.698413, 0.714286, 0.730159, 0.746032, 0.761905, 0.777778, 0.793651, 0.809524, 0.825397, 0.84127, 0.857143, 0.873016, 0.888889, 0.904762, 0.920635, 0.936508, 0.952381, 0.968254, 0.984127, 1, 0, 0.015873, 0.031746, 0.047619, 0.0634921, 0.0793651, 0.0952381, 0.111111, 0.126984, 0.142857, 0.15873, 0.174603, 0.190476, 0.206349, 0.222222, 0.238095, 0.253968, 0.269841, 0.285714, 0.301587, 0.31746, 0.333333, 0.349206, 0.365079, 0.380952, 0.396825, 0.412698, 0.428571, 0.444444, 0.460317, 0.47619, 0.492063, 0.507937, 0.52381, 0.539683, 0.555556, 0.571429, 0.587302, 0.603175, 0.619048, 0.634921, 0.650794, 0.666667, 0.68254, 0.698413, 0.714286, 0.730159, 0.746032, 0.761905, 0.777778, 0.793651, 0.809524, 0.825397, 0.84127, 0.857143, 0.873016, 0.888889, 0.904762, 0.920635, 0.936508, 0.952381, 0.968254, 0.984127, 1, 0, 0.015873, 0.031746, 0.047619, 0.0634921, 0.0793651, 0.0952381, 0.111111, 0.126984, 0.142857, 0.15873, 0.174603, 0.190476, 0.206349, 0.222222, 0.238095, 0.253968, 0.269841, 0.285714, 0.301587, 0.31746, 0.333333, 0.349206, 0.365079, 0.380952, 0.396825, 0.412698, 0.428571, 0.444444, 0.460317, 0.47619, 0.492063, 0.507937, 0.52381, 0.539683, 0.555556, 0.571429, 0.587302, 0.603175, 0.619048, 0.634921, 0.650794, 0.666667, 0.68254, 0.698413, 0.714286, 0.730159, 0.746032, 0.761905, 0.777778, 0.793651, 0.809524, 0.825397, 0.84127, 0.857143, 0.873016, 0.888889, 0.904762, 0.920635, 0.936508, 0.952381, 0.968254, 0.984127, 1, 0, 0.015873, 0.031746, 0.047619, 0.0634921, 0.0793651, 0.0952381, 0.111111, 0.126984, 0.142857, 0.15873, 0.174603, 0.190476, 0.206349, 0.222222, 0.238095, 0.253968, 0.269841, 0.285714, 0.301587, 0.31746, 0.333333, 0.349206, 0.365079, 0.380952, 0.396825, 0.412698, 0.428571, 0.444444, 0.460317, 0.47619, 0.492063, 0.507937, 0.52381, 0.539683, 0.555556, 0.571429, 0.587302, 0.603175, 0.619048, 0.634921, 0.650794, 0.666667, 0.68254, 0.698413, 0.714286, 0.730159, 0.746032, 0.761905, 0.777778, 0.793651, 0.809524, 0.825397, 0.84127, 0.857143, 0.873016, 0.888889, 0.904762, 0.920635, 0.936508, 0.952381, 0.968254, 0.984127, 1, 0, 0.015873, 0.031746, 0.047619, 0.0634921, 0.0793651, 0.0952381, 0.111111, 0.126984, 0.142857, 0.15873, 0.174603, 0.190476, 0.206349, 0.222222, 0.238095, 0.253968, 0.269841, 0.285714, 0.301587, 0.31746, 0.333333, 0.349206, 0.365079, 0.380952, 0.396825, 0.412698, 0.428571, 0.444444, 0.460317, 0.47619, 0.492063, 0.507937, 0.52381, 0.539683, 0.555556, 0.571429, 0.587302, 0.603175, 0.619048, 0.634921, 0.650794, 0.666667, 0.68254, 0.698413, 0.714286, 0.730159, 0.746032, 0.761905, 0.777778, 0.793651, 0.809524, 