
x = [0, 0.015873, 0, 0.031746, 0.015873, 0.047619, 0.031746, 0.0634921, 0.047619, 0.0793651, 0.0634921, 0.0952381, 0.0793651, 0.111111, 0.0952381, 0.126984, 0.111111, 0.142857, 0.126984, 0.15873, 0.142857, 0.174603, 0.15873, 0.190476, 0.174603, 0.206349, 0.190476, 0.222222, 0.206349, 0.238095, 0.222222, 0.253968, 0.238095, 0.269841, 0.253968, 0.285714, 0.269841, 0.301587, 0.285714, 0.31746, 0.301587, 0.333333, 0.31746, 0.349206, 0.333333, 0.365079, 0.349206, 0.380952, 0.365079, 0.396825, 0.380952, 0.412698, 0.396825, 0.428571, 0.412698, 0.440983, 0.428571, 0, 0.015873, 0.031746, 0.047619, 0.0634921, 0.0793651, 0.0952381, 0.111111, 0.126984, 0.142857, 0.15873, 0.174603, 0.190476, 0.206349, 0.222222, 0.238095, 0.253968, 0.269841, 0.285714, 0.301587, 0.31746, 0.333333, 0.349206, 0.365079, 0.380952, 0.396825, 0.427181, 0.412698, 0, 0.015873, 0.031746, 0.047619, 0.0634921, 0.0793651, 0.0952381, 0.111111, 0.126984, 0.142857, 0.15873, 0.174603, 0.190476, 0.206349, 0.222222, 0.238095, 0.253968, 0.269841, 0.285714, 0.301587, 0.31746, 0.333333, 0.349206, 0.365079, 0.380952, 0.396825, 0.414135, 0.412698, 0, 0.015873, 0.031746, 0.047619, 0.0634921, 0.0793651, 0.0952381, 0.111111, 0.126984, 0.142857, 0.15873, 0.174603, 0.190476, 0.206349, 0.222222, 0.238095, 0.253968, 0.269841, 0.285714, 0.301587, 0.31746, 0.333333, 0.349206, 0.365079, 0.380952, 0.401793, 0.396825, 0, 0.015873, 0.031746, 0.047619, 0.0634921, 0.0793651, 0.0952381, 0.111111, 0.126984, 0.142857, 0.15873, 0.174603, 0.190476, 0.206349, 0.222222, 0.238095, 0.253968, 0.269841, 0.285714, 0.301587, 0.31746, 0.333333, 0.349206, 0.365079, 0.390114, 0.380952, 0, 0.015873, 0.031746, 0.047619, 0.0634921, 0.0793651, 0.0952381, 0.111111, 0.126984, 0.142857, 0.15873, 0.174603, 0.190476, 0.206349, 0.222222, 0.238095, 0.253968, 0.269841, 0.285714, 0.301587, 0.31746, 0.333333, 0.349206, 0.37906, 0.365079, 0, 0.015873, 0.031746, 0.047619, 0.0634921, 0.0793651, 0.0952381, 0.111111, 0.126984, 0.142857, 0.15873, 0.174603, 0.190476, 0.206349, 0.222222, 0.238095, 0.253968, 0.269841, 0.285714, 0.301587, 0.31746, 0.333333, 0.349206, 0.368599, 0.365079, 0, 0.015873, 0.031746, 0.047619, 0.0634921, 0.0793651, 0.0952381, 0.111111, 0.126984, 0.142857, 0.15873, 0.174603, 0.190476, 0.206349, 0.222222, 0.238095, 0.253968, 0.269841, 0.285714, 0.301587, 0.31746, 0.333333, 0.3587, 0.349206, 0, 0.015873, 0.031746, 0.047619, 0.0634921, 0.0793651, 0.0952381, 0.111111, 0.126984, 0.142857, 0.15873, 0.174603, 0.190476, 0.206349, 0.222222, 0.238095, 0.253968, 0.269841, 0.285714, 0.301587, 0.31746, 0.333333, 0.349339, 0.349206, 0, 0.015873, 0.031746, 0.047619, 0.0634921, 0.0793651, 0.0952381, 0.111111, 0.126984, 0.142857, 0.15873, 0.174603, 0.190476, 0.206349, 0.222222, 0.238095, 0.253968, 0.269841, 0.285714, 0.301587, 0.31746, 0.340493, 0.333333, 0, 0.015873, 0.031746, 0.047619, 0.0634921, 0.0793651, 0.0952381, 0.111111, 0.126984, 0.142857, 0.15873, 0.174603, 0.190476, 0.206349, 0.222222, 0.238095, 0.253968, 0.269841, 0.285714, 0.301587, 0.332142, 0.31746, 0, 0.015873, 0.031746, 0.047619, 0.0634921, 0.0793651, 0.0952381, 0.111111, 0.126984, 0.142857, 0.15873, 0.174603, 0.190476, 0.206349, 0.222222, 0.238095, 0.253968, 0.269841, 0.285714, 0.301587, 0.324266, 0.31746, 0, 0.015873, 0.031746, 0.047619, 0.0634921, 0.0793651, 0.0952381, 0.111111, 0.126984, 0.142857, 0.15873, 0.174603, 0.190476, 0.206349, 0.222222, 0.238095, 0.253968, 0.269841, 0.285714, 0.316849, 0.301587, 0, 0.015873, 0.031746, 0.047619, 0.0634921, 0.0793651, 0.0952381, 0.111111, 0.126984, 0.142857, 0.15873, 0.174603, 0.190476, 0.206349, 0.222222, 0.238095, 0.253968, 0.269841, 0.285714, 0.309877, 0.301587, 0, 0.015873, 0.031746, 0.047619, 0.0634921, 0.0793651, 0.0952381, 0.111111, 0.126984, 0.142857, 0.15873, 0.174603, 0.190476, 0.206349, 0.222222, 0.238095, 0.253968, 0.269841, 0.285714, 0.303337, 0.301587, 0, 0.015873, 0.031746, 0.047619, 0.0634921, 0.0793651, 0.0952381, 0.111111, 0.126984, 0.142857, 0.15873, 0.174603, 0.190476, 0.206349, 0.222222, 0.238095, 0.253968, 0.269841, 0.297216, 0.285714, 0, 0.015873, 0.031746, 0.047619, 0.0634921, 0.0793651, 0.0952381, 0.111111, 0.126984, 0.142857, 0.15873, 0.174603, 0.190476, 0.206349, 0.222222, 0.238095, 0.253968, 0.269841, 0.291503, 0.285714, 0, 0.015873, 0.031746, 0.047619, 0.0634921, 0.0793651, 0.0952381, 0.111111, 0.126984, 0.142857, 0.15873, 0.174603, 0.190476, 0.206349, 0.222222, 0.238095, 0.253968, 0.269841, 0.286188, 0.285714, 0, 0.015873, 0.031746, 0.047619, 0.0634921, 0.0793651, 0.0952381, 0.111111, 0.126984, 0.142857, 0.15873, 0.174603, 0.190476, 0.206349, 0.222222, 0.238095, 0.253968, 0.281264, 0.269841, 0, 0.015873, 0.031746, 0.047619, 0.0634921, 0.0793651, 0.0952381, 0.111111, 0.126984, 0.142857, 0.15873, 0.174603, 0.190476, 0.206349, 0.222222, 0.238095, 0.253968, 0.276721, 0.269841, 0, 0.015873, 0.031746, 0.047619, 0.0634921, 0.0793651, 0.0952381, 0.111111, 0.126984, 0.142857, 0.15873, 0.174603, 0.190476, 0.206349, 0.222222, 0.238095, 0.253968, 0.272553, 0.269841, 0, 0.015873, 0.031746, 0.047619, 0.0634921, 0.0793651, 0.0952381, 0.111111, 0.126984, 0.142857, 0.15873, 0.174603, 0.190476, 0.206349, 0.222222, 0.238095, 0.268753, 0.253968, 0, 0.015873, 0.031746, 0.047619, 0.0634921, 0.0793651, 0.0952381, 0.111111, 0.126984, 0.142857, 0.15873, 0.174603, 0.190476, 0.206349, 0.222222, 0.238095, 0.265316, 0.253968, 0, 0.015873, 0.031746, 0.047619, 0.0634921, 0.0793651, 0.0952381, 0.111111, 0.126984, 0.142857, 0.15873, 0.174603, 0.190476, 0.206349, 0.222222, 0.238095, 0.262236, 0.253968, 0, 0.015873, 0.031746, 0.047619, 0.0634921, 0.0793651, 0.0952381, 0.111111, 0.126984, 0.142857, 0.15873, 0.174603, 0.190476, 0.206349, 0.222222, 0.238095, 0.259508, 0.253968, 0, 0.015873, 0.031746, 0.047619, 0.0634921, 0.0793651, 0.0952381, 0.111111, 0.126984, 0.142857, 0.15873, 0.174603, 0.190476, 0.206349, 0.222222, 0.238095, 0.257131, 0.253968, 0, 0.015873, 0.031746, 0.047619, 0.0634921, 0.0793651, 0.0952381, 0.111111, 0.126984, 0.142857, 0.15873, 0.174603, 0.190476, 0.206349, 0.222222, 0.238095, 0.255098, 0.253968, 0, 0.015873, 0.031746, 0.047619, 0.0634921, 0.0793651, 0.0952381, 0.111111, 0.126984, 0.142857, 0.15873, 0.174603, 0.190476, 0.206349, 0.222222, 0.253409, 0.238095, 0, 0.015873, 0.031746, 0.047619, 0.0634921, 0.0793651, 0.0952381, 0.111111, 0.126984, 0.142857, 0.15873, 0.174603, 0.190476, 0.206349, 0.222222, 0.25206, 0.238095, 0, 0.015873, 0.031746, 0.047619, 0.0634921, 0.0793651, 0.0952381, 0.111111, 0.126984, 0.142857, 0.15873, 0.174603, 0.190476, 0.206349, 0.222222, 0.251051, 0.238095, 0, 0.015873, 0.031746, 0.047619, 0.0634921, 0.0793651, 0.0952381, 0.111111, 0.126984, 0.142857, 0.15873, 0.174603, 0.190476, 0.206349, 0.222222, 0.250378, 0.238095, 0, 0.015873, 0.031746, 0.047619, 0.0634921, 0.0793651, 0.0952381, 0.111111, 0.126984, 0.142857, 0.15873, 0.174603, 0.190476, 0.206349, 0.222222, 0.250042, 0.238095, 0, 0.015873, 0.031746, 0.047619, 0.0634921, 0.0793651, 0.0952381, 0.111111, 0.126984, 0.142857, 0.15873, 0.174603, 0.190476, 0.206349, 0.222222, 0.250042, 0.238095, 0, 0.015873, 0.031746, 0.047619, 0.0634921, 0.0793651, 0.0952381, 0.111111, 0.126984, 0.142857, 0.15873, 0.174603, 0.190476, 0.206349, 0.222222, 0.250378, 0.238095, 0, 0.015873, 0.031746, 0.047619, 0.0634921, 0.0793651, 0.0952381, 0.111111, 0.126984, 0.142857, 0.15873, 0.174603, 0.190476, 0.206349, 0.222222, 0.251051, 0.238095, 0, 0.015873, 0.031746, 0.047619, 0.0634921, 0.0793651, 0.0952381, 0.111111, 0.126984, 0.142857, 0.15873, 0.174603, 0.190476, 0.206349, 0.222222, 0.25206, 0.238095, 0, 0.015873, 0.031746, 0.047619, 0.0634921, 0.0793651, 0.0952381, 0.111111, 0.126984, 0.142857, 0.15873, 0.174603, 0.190476, 0.206349, 0.222222, 0.253409, 0.238095, 0, 0.015873, 0.031746, 0.047619, 0.0634921, 0.0793651, 0.0952381, 0.111111, 0.126984, 0.142857, 0.15873, 0.174603, 0.190476, 0.206349, 0.222222, 0.253968, 0.238095, 0.255098, 0.253968, 0.253968, 0, 0.015873, 0.031746, 0.047619, 0.0634921, 0.0793651, 0.0952381, 0.111111, 0.126984, 0.142857, 0.15873, 0.174603, 